,event_id,stations,network_time,ref_time,ref_duration,group
0,20181229T000038Z,['1J.TI4A.'],0.0,2018-12-29T00:00:38.520000Z,9.03,0
1,20181229T000304Z,"['1J.TI1A.', '1J.TI4A.']",0.0,2018-12-29T00:03:04.660000Z,11.18,0
2,20181229T000501Z,['1J.TI4A.'],0.0,2018-12-29T00:05:01.110000Z,9.69,0
3,20181229T000729Z,['1J.TI4A.'],0.0,2018-12-29T00:07:29.710000Z,9.77,0
4,20181229T000850Z,['1J.TI4A.'],0.0,2018-12-29T00:08:50.690000Z,6.08,0
5,20181229T001542Z,['1J.TI1A.'],0.0,2018-12-29T00:15:42.480000Z,5.15,0
6,20181229T001907Z,"['1J.TI1A.', '1J.TI4A.']",0.0,2018-12-29T00:19:07.450000Z,11.19,0
7,20181229T002122Z,"['1J.TI1A.', '1J.TI4A.']",0.0,2018-12-29T00:21:22.460000Z,15.2,0
8,20181229T002359Z,['1J.TI1A.'],0.0,2018-12-29T00:23:59.840000Z,6.92,0
9,20181229T002730Z,"['1J.TI3A.', '1J.TI8A.', '1J.TI4A.']",0.0,2018-12-29T00:27:30.750000Z,11.88,0
10,20181229T002800Z,"['1J.TI3A.', '1J.TI6A.']",0.0,2018-12-29T00:28:00.210000Z,6.31,0
11,20181229T002919Z,"['1J.TI3A.', '1J.TI8A.']",0.0,2018-12-29T00:29:19.670000Z,8.06,0
12,20181229T003127Z,"['1J.TI3A.', '1J.TI8A.', '1J.TI4A.']",0.0,2018-12-29T00:31:27.420000Z,11.5,0
13,20181229T004347Z,"['1J.TI1A.', '1J.TI4A.']",0.0,2018-12-29T00:43:47.860000Z,7.6,0
14,20181229T005558Z,['1J.TI3A.'],0.0,2018-12-29T00:55:58.410000Z,7.26,0
15,20181229T010211Z,"['1J.TI3A.', '1J.TI6A.']",0.0,2018-12-29T01:02:11.040000Z,6.47,0
16,20181229T011754Z,['1J.TI3A.'],0.0,2018-12-29T01:17:54.770000Z,7.52,0
17,20181229T013041Z,"['1J.TI8A.', '1J.TI4A.', '1J.TI3A.']",0.0,2018-12-29T01:30:41.790000Z,11.92,0
18,20181229T014017Z,"['1J.TI3A.', '1J.TI8A.', '1J.TI4A.']",0.0,2018-12-29T01:40:17.730000Z,10.37,0
19,20181229T015415Z,['1J.TI3A.'],0.0,2018-12-29T01:54:15.190000Z,5.76,0
20,20181229T022241Z,"['1J.TI3A.', '1J.TI8A.']",0.0,2018-12-29T02:22:41.260000Z,7.29,0
21,20181229T022708Z,"['1J.TI3A.', '1J.TI8A.', '1J.TI4A.']",0.0,2018-12-29T02:27:08.060000Z,10.15,0
22,20181229T023229Z,['1J.TI4A.'],0.0,2018-12-29T02:32:29.850000Z,6.71,0
23,20181229T023535Z,['1J.TI4A.'],0.0,2018-12-29T02:35:35.190000Z,13.06,0
24,20181229T023919Z,"['1J.TI4A.', '1J.TI3A.']",0.0,2018-12-29T02:39:19.950000Z,14.71,0
25,20181229T024333Z,"['1J.TI1A.', '1J.TI4A.', '1J.TI3A.']",0.0,2018-12-29T02:43:33.010000Z,22.4,0
26,20181229T024452Z,['1J.TI4A.'],0.0,2018-12-29T02:44:52.920000Z,6.51,0
27,20181229T024508Z,['1J.TI3A.'],0.0,2018-12-29T02:45:08.050000Z,5.54,0
28,20181229T024645Z,"['1J.TI4A.', '1J.TI8A.']",0.0,2018-12-29T02:46:45.610000Z,9.18,0
29,20181229T024756Z,['1J.TI3A.'],0.0,2018-12-29T02:47:56.370000Z,7.64,0
30,20181229T025751Z,"['1J.TI3A.', '1J.TI4A.']",0.0,2018-12-29T02:57:51.110000Z,9.75,0
31,20181229T030122Z,['1J.TI4A.'],0.0,2018-12-29T03:01:22.480000Z,19.38,0
32,20181229T030620Z,"['1J.TI3A.', '1J.TI4A.']",0.0,2018-12-29T03:06:20.300000Z,13.14,0
33,20181229T030847Z,['1J.TI4A.'],0.0,2018-12-29T03:08:47.880000Z,7.41,0
34,20181229T030938Z,['1J.TI4A.'],0.0,2018-12-29T03:09:38.880000Z,10.8,0
35,20181229T031243Z,['1J.TI4A.'],0.0,2018-12-29T03:12:43.140000Z,5.98,0
36,20181229T031449Z,['1J.TI4A.'],0.0,2018-12-29T03:14:49.100000Z,9.29,0
37,20181229T031635Z,['1J.TI3A.'],0.0,2018-12-29T03:16:35.200000Z,8.41,0
38,20181229T031643Z,['1J.TI4A.'],0.0,2018-12-29T03:16:43.650000Z,6.7,0
39,20181229T031709Z,"['1J.TI3A.', '1J.TI4A.']",0.0,2018-12-29T03:17:09.210000Z,9.45,0
40,20181229T032153Z,['1J.TI4A.'],0.0,2018-12-29T03:21:53.500000Z,7.97,0
41,20181229T032716Z,['1J.TI3A.'],0.0,2018-12-29T03:27:16.620000Z,7.36,0
42,20181229T032937Z,['1J.TI3A.'],0.0,2018-12-29T03:29:37.660000Z,10.78,0
43,20181229T033331Z,"['1J.TI8A.', '1J.TI4A.', '1J.TI3A.']",0.0,2018-12-29T03:33:31.710000Z,7.8,0
44,20181229T034019Z,['1J.TI4A.'],0.0,2018-12-29T03:40:19.390000Z,11.76,0
45,20181229T034605Z,"['1J.TI1A.', '1J.TI4A.']",0.0,2018-12-29T03:46:05.060000Z,7.11,0
46,20181229T035038Z,"['1J.TI1A.', '1J.TI3A.', '1J.TI4A.', '1J.TI8A.', '1J.TI6A.', '1J.TI7A.']",0.0,2018-12-29T03:50:38.010000Z,15.11,0
47,20181229T035927Z,['1J.TI1A.'],0.0,2018-12-29T03:59:27.570000Z,5.61,0
48,20181229T040429Z,"['1J.TI3A.', '1J.TI4A.']",0.0,2018-12-29T04:04:29.550000Z,9.2,0
49,20181229T040444Z,['1J.TI1A.'],0.0,2018-12-29T04:04:44.370000Z,8.19,0
50,20181229T041233Z,['1J.TI3A.'],0.0,2018-12-29T04:12:33.230000Z,6.29,0
51,20181229T042118Z,"['1J.TI3A.', '1J.TI1A.', '1J.TI4A.']",0.0,2018-12-29T04:21:18.330000Z,11.77,0
52,20181229T042146Z,"['1J.TI3A.', '1J.TI6A.']",0.0,2018-12-29T04:21:46.800000Z,5.55,0
53,20181229T043329Z,"['1J.TI4A.', '1J.TI1A.']",0.0,2018-12-29T04:33:29.810000Z,14.09,0
54,20181229T043440Z,"['1J.TI4A.', '1J.TI1A.']",0.0,2018-12-29T04:34:40.000000Z,8.09,0
55,20181229T044133Z,"['1J.TI3A.', '1J.TI4A.']",0.0,2018-12-29T04:41:33.980000Z,10.97,0
56,20181229T045350Z,"['1J.TI1A.', '1J.TI4A.']",0.0,2018-12-29T04:53:50.770000Z,6.73,0
57,20181229T045846Z,"['1J.TI1A.', '1J.TI4A.']",0.0,2018-12-29T04:58:46.200000Z,5.45,0
58,20181229T050146Z,"['1J.TI3A.', '1J.TI4A.', '1J.TI1A.']",0.0,2018-12-29T05:01:46.990000Z,7.58,0
59,20181229T050812Z,"['1J.TI1A.', '1J.TI3A.', '1J.TI8A.', '1J.TI4A.']",0.0,2018-12-29T05:08:12.540000Z,13.3,0
60,20181229T050951Z,"['1J.TI3A.', '1J.TI8A.', '1J.TI4A.']",0.0,2018-12-29T05:09:51.060000Z,11.2,0
61,20181229T052605Z,"['1J.TI4A.', '1J.TI1A.', '1J.TI3A.']",0.0,2018-12-29T05:26:05.620000Z,6.63,0
62,20181229T053206Z,"['1J.TI3A.', '1J.TI1A.', '1J.TI8A.', '1J.TI4A.']",0.0,2018-12-29T05:32:06.050000Z,11.12,0
63,20181229T053817Z,"['1J.TI3A.', '1J.TI4A.', '1J.TI1A.']",0.0,2018-12-29T05:38:17.980000Z,10.9,0
64,20181229T054140Z,"['1J.TI6A.', '1J.TI3A.', '1J.TI4A.', '1J.TI8A.']",0.0,2018-12-29T05:41:40.670000Z,9.2,0
65,20181229T054236Z,['1J.TI3A.'],0.0,2018-12-29T05:42:36.600000Z,6.55,0
66,20181229T054735Z,"['1J.TI3A.', '1J.TI8A.', '1J.TI4A.', '1J.TI1A.']",0.0,2018-12-29T05:47:35.610000Z,12.39,0
67,20181229T054804Z,"['1J.TI3A.', '1J.TI6A.', '1J.TI7A.', '1J.TI8A.']",0.0,2018-12-29T05:48:04.340000Z,7.31,0
68,20181229T060258Z,['1J.TI1A.'],0.0,2018-12-29T06:02:58.560000Z,5.81,0
69,20181229T060612Z,['1J.TI6A.'],0.0,2018-12-29T06:06:12.660000Z,8.64,0
70,20181229T060713Z,"['1J.TI8A.', '1J.TI6A.']",0.0,2018-12-29T06:07:13.040000Z,6.86,0
71,20181229T060832Z,"['1J.TI1A.', '1J.TI4A.']",0.0,2018-12-29T06:08:32.020000Z,26.13,0
72,20181229T061243Z,"['1J.TI3A.', '1J.TI6A.', '1J.TI8A.', '1J.TI4A.', '1J.TI1A.']",0.0,2018-12-29T06:12:43.830000Z,9.19,0
73,20181229T061409Z,"['1J.TI1A.', '1J.TI4A.']",0.0,2018-12-29T06:14:09.370000Z,6.38,0
74,20181229T061657Z,"['1J.TI6A.', '1J.TI4A.', '1J.TI8A.', '1J.TI1A.']",0.0,2018-12-29T06:16:57.470000Z,8.17,0
75,20181229T062650Z,['1J.TI3A.'],0.0,2018-12-29T06:26:50.240000Z,7.56,0
76,20181229T063010Z,"['1J.TI8A.', '1J.TI4A.', '1J.TI3A.']",0.0,2018-12-29T06:30:10.260000Z,9.4,0
77,20181229T063509Z,"['1J.TI6A.', '1J.TI3A.', '1J.TI8A.', '1J.TI4A.']",0.0,2018-12-29T06:35:09.200000Z,11.41,0
78,20181229T063710Z,"['1J.TI3A.', '1J.TI6A.']",0.0,2018-12-29T06:37:10.230000Z,6.63,0
79,20181229T063952Z,['1J.TI1A.'],0.0,2018-12-29T06:39:52.610000Z,5.82,0
80,20181229T064316Z,"['1J.TI3A.', '1J.TI6A.', '1J.TI8A.']",0.0,2018-12-29T06:43:16.630000Z,6.86,0
81,20181229T064848Z,['1J.TI8A.'],0.0,2018-12-29T06:48:48.040000Z,5.6,0
82,20181229T065234Z,['1J.TI1A.'],0.0,2018-12-29T06:52:34.510000Z,6.63,0
83,20181229T065603Z,"['1J.TI6A.', '1J.TI3A.', '1J.TI4A.', '1J.TI1A.']",0.0,2018-12-29T06:56:03.690000Z,8.05,0
84,20181229T070342Z,['1J.TI3A.'],0.0,2018-12-29T07:03:42.430000Z,5.53,0
85,20181229T070441Z,['1J.TI4A.'],0.0,2018-12-29T07:04:41.720000Z,9.47,0
86,20181229T070617Z,"['1J.TI3A.', '1J.TI6A.']",0.0,2018-12-29T07:06:17.090000Z,5.47,0
87,20181229T070650Z,"['1J.TI1A.', '1J.TI4A.']",0.0,2018-12-29T07:06:50.730000Z,5.43,0
88,20181229T070915Z,"['1J.TI3A.', '1J.TI6A.', '1J.TI8A.', '1J.TI4A.', '1J.TI1A.']",0.0,2018-12-29T07:09:15.610000Z,7.62,0
89,20181229T071050Z,"['1J.TI6A.', '1J.TI3A.']",0.0,2018-12-29T07:10:50.120000Z,6.68,0
90,20181229T071349Z,"['1J.TI3A.', '1J.TI8A.']",0.0,2018-12-29T07:13:49.330000Z,6.21,0
91,20181229T071435Z,"['1J.TI8A.', '1J.TI6A.']",0.0,2018-12-29T07:14:35.700000Z,9.69,0
92,20181229T072144Z,"['1J.TI6A.', '1J.TI3A.', '1J.TI1A.']",0.0,2018-12-29T07:21:44.680000Z,5.83,0
93,20181229T072254Z,"['1J.TI6A.', '1J.TI3A.']",0.0,2018-12-29T07:22:54.120000Z,6.8,0
94,20181229T072540Z,"['1J.TI1A.', '1J.TI4A.']",0.0,2018-12-29T07:25:40.460000Z,11.59,0
95,20181229T073101Z,"['1J.TI3A.', '1J.TI6A.']",0.0,2018-12-29T07:31:01.660000Z,6.59,0
96,20181229T074132Z,"['1J.TI3A.', '1J.TI6A.']",0.0,2018-12-29T07:41:32.970000Z,6.5,0
97,20181229T074223Z,"['1J.TI7A.', '1J.TI6A.']",0.0,2018-12-29T07:42:23.330000Z,6.81,0
98,20181229T074338Z,"['1J.TI1A.', '1J.TI4A.']",0.0,2018-12-29T07:43:38.090000Z,14.48,0
99,20181229T074506Z,"['1J.TI3A.', '1J.TI6A.', '1J.TI8A.', '1J.TI4A.']",0.0,2018-12-29T07:45:06.480000Z,9.41,0
100,20181229T074559Z,"['1J.TI6A.', '1J.TI3A.', '1J.TI4A.', '1J.TI1A.']",0.0,2018-12-29T07:45:59.450000Z,5.86,0
101,20181229T074711Z,"['1J.TI8A.', '1J.TI4A.', '1J.TI6A.', '1J.TI3A.']",0.0,2018-12-29T07:47:11.080000Z,9.11,0
102,20181229T075810Z,"['1J.TI3A.', '1J.TI6A.']",0.0,2018-12-29T07:58:10.260000Z,5.5,0
103,20181229T080232Z,"['1J.TI6A.', '1J.TI3A.']",0.0,2018-12-29T08:02:32.180000Z,5.25,0
104,20181229T080349Z,"['1J.TI3A.', '1J.TI6A.', '1J.TI8A.', '1J.TI4A.', '1J.TI7A.']",0.0,2018-12-29T08:03:49.100000Z,11.49,0
105,20181229T081112Z,"['1J.TI6A.', '1J.TI3A.', '1J.TI4A.', '1J.TI1A.']",0.0,2018-12-29T08:11:12.280000Z,8.31,0
106,20181229T082032Z,"['1J.TI3A.', '1J.TI6A.', '1J.TI8A.', '1J.TI4A.']",0.0,2018-12-29T08:20:32.650000Z,11.81,0
107,20181229T082634Z,"['1J.TI3A.', '1J.TI8A.']",0.0,2018-12-29T08:26:34.640000Z,6.59,0
108,20181229T083314Z,"['1J.TI3A.', '1J.TI8A.']",0.0,2018-12-29T08:33:14.910000Z,7.34,0
109,20181229T083552Z,"['1J.TI3A.', '1J.TI8A.', '1J.TI4A.', '1J.TI1A.']",0.0,2018-12-29T08:35:52.870000Z,7.53,0
110,20181229T083700Z,"['1J.TI3A.', '1J.TI1A.', '1J.TI8A.', '1J.TI6A.', '1J.TI7A.', '1J.TI4A.']",0.0,2018-12-29T08:37:00.380000Z,12.47,0
111,20181229T083729Z,"['1J.TI3A.', '1J.TI6A.', '1J.TI7A.']",0.0,2018-12-29T08:37:29.050000Z,8.53,0
112,20181229T084114Z,"['1J.TI1A.', '1J.TI4A.']",0.0,2018-12-29T08:41:14.840000Z,6.1,0
113,20181229T085126Z,"['1J.TI3A.', '1J.TI8A.']",0.0,2018-12-29T08:51:26.460000Z,8.12,0
114,20181229T090812Z,"['1J.TI8A.', '1J.TI4A.']",0.0,2018-12-29T09:08:12.240000Z,9.99,0
115,20181229T091138Z,"['1J.TI3A.', '1J.TI8A.', '1J.TI4A.']",0.0,2018-12-29T09:11:38.160000Z,10.47,0
116,20181229T091745Z,"['1J.TI7A.', '1J.TI3A.', '1J.TI6A.', '1J.TI8A.', '1J.TI4A.', '1J.TI1A.']",0.0,2018-12-29T09:17:45.440000Z,13.37,0
117,20181229T091837Z,"['1J.TI3A.', '1J.TI8A.', '1J.TI4A.', '1J.TI1A.']",0.0,2018-12-29T09:18:37.480000Z,7.56,0
118,20181229T092429Z,"['1J.TI1A.', '1J.TI4A.', '1J.TI8A.']",0.0,2018-12-29T09:24:29.810000Z,6.5,0
119,20181229T093014Z,"['1J.TI3A.', '1J.TI8A.', '1J.TI4A.', '1J.TI1A.']",0.0,2018-12-29T09:30:14.480000Z,7.6,0
120,20181229T093710Z,"['1J.TI8A.', '1J.TI7A.', '1J.TI4A.', '1J.TI1A.', '1J.TI6A.', '1J.TI3A.']",0.0,2018-12-29T09:37:10.410000Z,16.96,0
121,20181229T093757Z,['1J.TI1A.'],0.0,2018-12-29T09:37:57.310000Z,5.94,0
122,20181229T094718Z,"['1J.TI4A.', '1J.TI1A.', '1J.TI8A.', '1J.TI6A.', '1J.TI7A.', '1J.TI3A.']",0.0,2018-12-29T09:47:18.060000Z,20.83,0
123,20181229T094953Z,"['1J.TI3A.', '1J.TI6A.']",0.0,2018-12-29T09:49:53.520000Z,6.74,0
124,20181229T095036Z,"['1J.TI3A.', '1J.TI6A.', '1J.TI8A.']",0.0,2018-12-29T09:50:36.560000Z,6.96,0
125,20181229T095504Z,"['1J.TI4A.', '1J.TI1A.', '1J.TI6A.', '1J.TI3A.', '1J.TI8A.', '1J.TI7A.']",0.0,2018-12-29T09:55:04.860000Z,19.76,0
126,20181229T095610Z,"['1J.TI8A.', '1J.TI6A.', '1J.TI3A.']",0.0,2018-12-29T09:56:10.030000Z,12.14,0
127,20181229T100812Z,"['1J.TI6A.', '1J.TI3A.', '1J.TI8A.', '1J.TI4A.']",0.0,2018-12-29T10:08:12.130000Z,8.57,0
128,20181229T101301Z,"['1J.TI6A.', '1J.TI3A.', '1J.TI8A.']",0.0,2018-12-29T10:13:01.410000Z,6.6,0
129,20181229T102148Z,"['1J.TI8A.', '1J.TI4A.']",0.0,2018-12-29T10:21:48.790000Z,6.07,0
130,20181229T102449Z,"['1J.TI3A.', '1J.TI6A.']",0.0,2018-12-29T10:24:49.700000Z,6.7,0
131,20181229T102556Z,"['1J.TI6A.', '1J.TI3A.', '1J.TI8A.', '1J.TI4A.', '1J.TI1A.']",0.0,2018-12-29T10:25:56.790000Z,11.57,0
132,20181229T103501Z,['1J.TI4A.'],0.0,2018-12-29T10:35:01.400000Z,7.44,0
133,20181229T103521Z,"['1J.TI4A.', '1J.TI3A.', '1J.TI6A.', '1J.TI8A.', '1J.TI7A.', '1J.TI1A.']",0.0,2018-12-29T10:35:21.570000Z,12.06,0
134,20181229T103552Z,"['1J.TI3A.', '1J.TI6A.']",0.0,2018-12-29T10:35:52.180000Z,6.71,0
135,20181229T103757Z,"['1J.TI6A.', '1J.TI3A.', '1J.TI8A.', '1J.TI4A.', '1J.TI1A.']",0.0,2018-12-29T10:37:57.010000Z,8.75,0
136,20181229T104236Z,"['1J.TI3A.', '1J.TI6A.', '1J.TI8A.', '1J.TI1A.']",0.0,2018-12-29T10:42:36.600000Z,12.17,0
137,20181229T105141Z,"['1J.TI6A.', '1J.TI3A.', '1J.TI8A.', '1J.TI4A.', '1J.TI7A.']",0.0,2018-12-29T10:51:41.720000Z,8.4,0
138,20181229T105245Z,"['1J.TI1A.', '1J.TI4A.']",0.0,2018-12-29T10:52:45.110000Z,21.5,0
139,20181229T105309Z,['1J.TI6A.'],0.0,2018-12-29T10:53:09.980000Z,6.71,0
140,20181229T105628Z,"['1J.TI3A.', '1J.TI6A.', '1J.TI1A.', '1J.TI7A.', '1J.TI8A.', '1J.TI4A.']",0.0,2018-12-29T10:56:28.700000Z,8.33,0
141,20181229T105820Z,['1J.TI4A.'],0.0,2018-12-29T10:58:20.350000Z,5.77,0
142,20181229T105951Z,['1J.TI4A.'],0.0,2018-12-29T10:59:51.700000Z,6.04,0
143,20181229T110331Z,"['1J.TI6A.', '1J.TI3A.']",0.0,2018-12-29T11:03:31.450000Z,5.39,0
144,20181229T110708Z,['1J.TI4A.'],0.0,2018-12-29T11:07:08.150000Z,10.39,0
145,20181229T111028Z,['1J.TI1A.'],0.0,2018-12-29T11:10:28.970000Z,9.76,0
146,20181229T111129Z,"['1J.TI3A.', '1J.TI1A.', '1J.TI6A.', '1J.TI8A.']",0.0,2018-12-29T11:11:29.720000Z,6.5,0
147,20181229T111602Z,"['1J.TI6A.', '1J.TI3A.', '1J.TI8A.']",0.0,2018-12-29T11:16:02.560000Z,5.47,0
148,20181229T111636Z,['1J.TI4A.'],0.0,2018-12-29T11:16:36.530000Z,5.45,0
149,20181229T112046Z,"['1J.TI8A.', '1J.TI6A.', '1J.TI7A.', '1J.TI3A.']",0.0,2018-12-29T11:20:46.700000Z,10.92,0
150,20181229T112421Z,['1J.TI8A.'],0.0,2018-12-29T11:24:21.040000Z,5.13,0
151,20181229T112503Z,"['1J.TI6A.', '1J.TI3A.', '1J.TI8A.']",0.0,2018-12-29T11:25:03.310000Z,9.17,0
152,20181229T112611Z,['1J.TI3A.'],0.0,2018-12-29T11:26:11.320000Z,5.66,0
153,20181229T112641Z,"['1J.TI6A.', '1J.TI3A.', '1J.TI8A.', '1J.TI1A.', '1J.TI4A.']",0.0,2018-12-29T11:26:41.710000Z,9.12,0
154,20181229T112930Z,"['1J.TI8A.', '1J.TI6A.']",0.0,2018-12-29T11:29:30.350000Z,7.94,0
155,20181229T113141Z,['1J.TI4A.'],0.0,2018-12-29T11:31:41.360000Z,6.05,0
156,20181229T113340Z,"['1J.TI3A.', '1J.TI6A.', '1J.TI8A.', '1J.TI7A.']",0.0,2018-12-29T11:33:40.720000Z,7.83,0
157,20181229T113533Z,['1J.TI4A.'],0.0,2018-12-29T11:35:33.230000Z,7.29,0
158,20181229T113641Z,['1J.TI4A.'],0.0,2018-12-29T11:36:41.520000Z,5.24,0
159,20181229T114008Z,"['1J.TI4A.', '1J.TI7A.']",0.0,2018-12-29T11:40:08.640000Z,9.77,0
160,20181229T115917Z,"['1J.TI1A.', '1J.TI3A.', '1J.TI6A.', '1J.TI8A.', '1J.TI7A.']",0.0,2018-12-29T11:59:17.790000Z,12.68,0
161,20181229T115945Z,"['1J.TI3A.', '1J.TI6A.', '1J.TI7A.']",0.0,2018-12-29T11:59:45.490000Z,6.98,0
162,20181229T121045Z,['1J.TI1A.'],0.0,2018-12-29T12:10:45.790000Z,5.25,0
163,20181229T121742Z,['1J.TI1A.'],0.0,2018-12-29T12:17:42.910000Z,6.4,0
164,20181229T122216Z,['1J.TI8A.'],0.0,2018-12-29T12:22:16.910000Z,5.35,0
165,20181229T122325Z,"['1J.TI8A.', '1J.TI6A.']",0.0,2018-12-29T12:23:25.920000Z,6.86,0
166,20181229T122936Z,"['1J.TI8A.', '1J.TI7A.', '1J.TI1A.']",0.0,2018-12-29T12:29:36.020000Z,5.92,0
167,20181229T123002Z,"['1J.TI3A.', '1J.TI6A.', '1J.TI7A.', '1J.TI8A.']",0.0,2018-12-29T12:30:02.740000Z,7.94,0
168,20181229T123225Z,['1J.TI8A.'],0.0,2018-12-29T12:32:25.570000Z,5.48,0
169,20181229T123443Z,['1J.TI1A.'],0.0,2018-12-29T12:34:43.960000Z,7.38,0
170,20181229T124826Z,"['1J.TI8A.', '1J.TI1A.']",0.0,2018-12-29T12:48:26.600000Z,6.09,0
171,20181229T125034Z,['1J.TI8A.'],0.0,2018-12-29T12:50:34.710000Z,6.41,0
172,20181229T125704Z,"['1J.TI1A.', '1J.TI4A.']",0.0,2018-12-29T12:57:04.250000Z,7.0,0
173,20181229T132445Z,['1J.TI8A.'],0.0,2018-12-29T13:24:45.980000Z,6.56,0
174,20181229T132938Z,['1J.TI8A.'],0.0,2018-12-29T13:29:38.170000Z,5.66,0
175,20181229T133837Z,"['1J.TI8A.', '1J.TI1A.']",0.0,2018-12-29T13:38:37.130000Z,5.15,0
176,20181229T134214Z,"['1J.TI8A.', '1J.TI1A.']",0.0,2018-12-29T13:42:14.570000Z,6.8,0
177,20181229T134415Z,"['1J.TI8A.', '1J.TI1A.', '1J.TI7A.', '1J.TI6A.']",0.0,2018-12-29T13:44:15.840000Z,8.79,0
178,20181229T134442Z,"['1J.TI3A.', '1J.TI6A.', '1J.TI7A.', '1J.TI8A.']",0.0,2018-12-29T13:44:42.390000Z,8.49,0
179,20181229T135657Z,['1J.TI7A.'],0.0,2018-12-29T13:56:57.460000Z,5.32,0
180,20181229T142142Z,['1J.TI8A.'],0.0,2018-12-29T14:21:42.420000Z,9.16,0
181,20181229T144716Z,['1J.TI8A.'],0.0,2018-12-29T14:47:16.040000Z,6.62,0
182,20181229T150739Z,['1J.TI8A.'],0.0,2018-12-29T15:07:39.740000Z,6.46,0
183,20181229T152947Z,['1J.TI4A.'],0.0,2018-12-29T15:29:47.290000Z,8.57,0
184,20181229T153544Z,['1J.TI8A.'],0.0,2018-12-29T15:35:44.640000Z,9.81,0
185,20181229T154018Z,['1J.TI8A.'],0.0,2018-12-29T15:40:18.190000Z,6.07,0
186,20181229T155045Z,['1J.TI8A.'],0.0,2018-12-29T15:50:45.190000Z,5.84,0
187,20181229T160211Z,['1J.TI4A.'],0.0,2018-12-29T16:02:11.180000Z,6.79,0
188,20181229T160353Z,['1J.TI4A.'],0.0,2018-12-29T16:03:53.710000Z,9.22,0
189,20181229T160508Z,['1J.TI4A.'],0.0,2018-12-29T16:05:08.050000Z,15.73,0
190,20181229T161549Z,['1J.TI4A.'],0.0,2018-12-29T16:15:49.020000Z,6.72,0
191,20181229T162204Z,"['1J.TI8A.', '1J.TI4A.']",0.0,2018-12-29T16:22:04.030000Z,6.65,0
192,20181229T162820Z,"['1J.TI4A.', '1J.TI8A.']",0.0,2018-12-29T16:28:20.910000Z,5.51,0
193,20181229T162848Z,['1J.TI4A.'],0.0,2018-12-29T16:28:48.590000Z,5.63,0
194,20181229T162953Z,['1J.TI4A.'],0.0,2018-12-29T16:29:53.860000Z,5.25,0
195,20181229T163235Z,['1J.TI4A.'],0.0,2018-12-29T16:32:35.450000Z,10.08,0
196,20181229T163347Z,['1J.TI8A.'],0.0,2018-12-29T16:33:47.070000Z,6.18,0
197,20181229T163440Z,['1J.TI4A.'],0.0,2018-12-29T16:34:40.230000Z,8.28,0
198,20181229T164111Z,['1J.TI4A.'],0.0,2018-12-29T16:41:11.930000Z,6.95,0
199,20181229T164302Z,['1J.TI4A.'],0.0,2018-12-29T16:43:02.270000Z,14.06,0
200,20181229T164452Z,"['1J.TI8A.', '1J.TI4A.']",0.0,2018-12-29T16:44:52.160000Z,5.41,0
201,20181229T165200Z,['1J.TI4A.'],0.0,2018-12-29T16:52:00.410000Z,9.04,0
202,20181229T175429Z,['1J.TI4A.'],0.0,2018-12-29T17:54:29.150000Z,6.03,0
203,20181229T175711Z,['1J.TI4A.'],0.0,2018-12-29T17:57:11.320000Z,8.81,0
204,20181229T175953Z,"['1J.TI8A.', '1J.TI4A.', '1J.TI3A.']",0.0,2018-12-29T17:59:53.720000Z,6.22,0
205,20181229T180108Z,['1J.TI4A.'],0.0,2018-12-29T18:01:08.130000Z,10.95,0
206,20181229T180417Z,['1J.TI8A.'],0.0,2018-12-29T18:04:17.840000Z,5.98,0
207,20181229T180621Z,['1J.TI8A.'],0.0,2018-12-29T18:06:21.420000Z,8.13,0
208,20181229T180858Z,"['1J.TI4A.', '1J.TI7A.']",0.0,2018-12-29T18:08:58.440000Z,7.72,0
209,20181229T181030Z,"['1J.TI4A.', '1J.TI8A.', '1J.TI3A.']",0.0,2018-12-29T18:10:30.420000Z,8.23,0
210,20181229T181055Z,"['1J.TI3A.', '1J.TI6A.', '1J.TI7A.', '1J.TI8A.']",0.0,2018-12-29T18:10:55.520000Z,7.73,0
211,20181229T181403Z,['1J.TI4A.'],0.0,2018-12-29T18:14:03.830000Z,9.01,0
212,20181229T181725Z,['1J.TI4A.'],0.0,2018-12-29T18:17:25.230000Z,8.17,0
213,20181229T182148Z,['1J.TI8A.'],0.0,2018-12-29T18:21:48.960000Z,5.52,0
214,20181229T183023Z,"['1J.TI4A.', '1J.TI3A.', '1J.TI6A.', '1J.TI8A.']",0.0,2018-12-29T18:30:23.350000Z,15.22,0
215,20181229T183124Z,['1J.TI8A.'],0.0,2018-12-29T18:31:24.650000Z,6.99,0
216,20181229T183452Z,['1J.TI4A.'],0.0,2018-12-29T18:34:52.280000Z,6.33,0
217,20181229T184606Z,"['1J.TI4A.', '1J.TI8A.']",0.0,2018-12-29T18:46:06.830000Z,10.4,0
218,20181229T185345Z,['1J.TI8A.'],0.0,2018-12-29T18:53:45.290000Z,5.73,0
219,20181229T185753Z,['1J.TI4A.'],0.0,2018-12-29T18:57:53.720000Z,5.48,0
220,20181229T185819Z,['1J.TI8A.'],0.0,2018-12-29T18:58:19.380000Z,7.53,0
221,20181229T190242Z,['1J.TI8A.'],0.0,2018-12-29T19:02:42.170000Z,8.45,0
222,20181229T190429Z,['1J.TI4A.'],0.0,2018-12-29T19:04:29.790000Z,6.01,0
223,20181229T190830Z,['1J.TI4A.'],0.0,2018-12-29T19:08:30.310000Z,5.61,0
224,20181229T191106Z,['1J.TI8A.'],0.0,2018-12-29T19:11:06.060000Z,8.3,0
225,20181229T191938Z,"['1J.TI3A.', '1J.TI8A.']",0.0,2018-12-29T19:19:38.750000Z,6.3,0
226,20181229T193208Z,"['1J.TI8A.', '1J.TI4A.']",0.0,2018-12-29T19:32:08.260000Z,5.23,0
227,20181229T200600Z,['1J.TI8A.'],0.0,2018-12-29T20:06:00.950000Z,5.41,0
228,20181229T200918Z,['1J.TI4A.'],0.0,2018-12-29T20:09:18.280000Z,6.16,0
229,20181229T201406Z,"['1J.TI8A.', '1J.TI4A.']",0.0,2018-12-29T20:14:06.680000Z,8.42,0
230,20181229T201430Z,['1J.TI4A.'],0.0,2018-12-29T20:14:30.560000Z,7.37,0
231,20181229T202140Z,"['1J.TI8A.', '1J.TI3A.', '1J.TI7A.']",0.0,2018-12-29T20:21:40.610000Z,11.68,0
232,20181229T202210Z,"['1J.TI3A.', '1J.TI6A.', '1J.TI8A.']",0.0,2018-12-29T20:22:10.660000Z,9.67,0
233,20181229T202612Z,['1J.TI4A.'],0.0,2018-12-29T20:26:12.540000Z,14.75,0
234,20181229T202645Z,['1J.TI8A.'],0.0,2018-12-29T20:26:45.350000Z,8.02,0
235,20181229T205033Z,['1J.TI8A.'],0.0,2018-12-29T20:50:33.880000Z,5.53,0
236,20181229T205505Z,['1J.TI8A.'],0.0,2018-12-29T20:55:05.640000Z,6.22,0
237,20181229T212253Z,['1J.TI8A.'],0.0,2018-12-29T21:22:53.440000Z,5.66,0
238,20181229T212406Z,['1J.TI8A.'],0.0,2018-12-29T21:24:06.070000Z,9.5,0
239,20181229T213739Z,['1J.TI4A.'],0.0,2018-12-29T21:37:39.960000Z,6.87,0
240,20181229T214536Z,['1J.TI4A.'],0.0,2018-12-29T21:45:36.650000Z,10.34,0
241,20181229T214831Z,['1J.TI4A.'],0.0,2018-12-29T21:48:31.790000Z,6.72,0
242,20181229T215150Z,"['1J.TI4A.', '1J.TI8A.']",0.0,2018-12-29T21:51:50.240000Z,6.96,0
243,20181229T215233Z,['1J.TI4A.'],0.0,2018-12-29T21:52:33.600000Z,11.39,0
244,20181229T215753Z,['1J.TI4A.'],0.0,2018-12-29T21:57:53.500000Z,8.52,0
245,20181229T220514Z,"['1J.TI8A.', '1J.TI6A.']",0.0,2018-12-29T22:05:14.640000Z,12.48,0
246,20181229T221439Z,"['1J.TI3A.', '1J.TI6A.']",0.0,2018-12-29T22:14:39.300000Z,5.41,0
247,20181229T221926Z,"['1J.TI6A.', '1J.TI8A.', '1J.TI1A.']",0.0,2018-12-29T22:19:26.270000Z,7.28,0
248,20181229T222805Z,['1J.TI1A.'],0.0,2018-12-29T22:28:05.530000Z,5.95,0
249,20181229T223000Z,"['1J.TI8A.', '1J.TI1A.']",0.0,2018-12-29T22:30:00.740000Z,7.14,0
250,20181229T223135Z,"['1J.TI6A.', '1J.TI3A.', '1J.TI8A.', '1J.TI1A.']",0.0,2018-12-29T22:31:35.360000Z,6.14,0
251,20181229T223657Z,"['1J.TI8A.', '1J.TI6A.']",0.0,2018-12-29T22:36:57.150000Z,5.5,0
252,20181229T223825Z,['1J.TI1A.'],0.0,2018-12-29T22:38:25.820000Z,5.16,0
253,20181229T224249Z,['1J.TI8A.'],0.0,2018-12-29T22:42:49.100000Z,5.6,0
254,20181229T224446Z,['1J.TI6A.'],0.0,2018-12-29T22:44:46.730000Z,5.66,0
255,20181229T225937Z,['1J.TI8A.'],0.0,2018-12-29T22:59:37.070000Z,5.94,0
256,20181229T233333Z,"['1J.TI8A.', '1J.TI7A.']",0.0,2018-12-29T23:33:33.040000Z,7.44,0
257,20181229T235341Z,['1J.TI8A.'],0.0,2018-12-29T23:53:41.000000Z,5.22,0
